   0.00100000   2.6326965e+13   2.1577486e+13       1.2201127
   0.00102329   3.0126782e+13   2.2397083e+13       1.3451208
   0.00104713   3.4399450e+13   2.3246737e+13       1.4797539
   0.00107152   3.9192102e+13   2.4127556e+13       1.6243710
   0.00109648   4.4555381e+13   2.5040686e+13       1.7793195
   0.00112202   5.0544997e+13   2.5987341e+13       1.9449854
   0.00114815   5.7217618e+13   2.6968747e+13       2.1216269
   0.00117490   6.4635492e+13   2.7986219e+13       2.3095471
   0.00120226   7.2862459e+13   2.9041086e+13       2.5089440
   0.00123027   8.1967965e+13   3.0134772e+13       2.7200460
   0.00125893   9.2023400e+13   3.1268733e+13       2.9429846
   0.00128825   1.0310217e+14   3.2444478e+13       3.1778032
   0.00131826   1.1528242e+14   3.3663571e+13       3.4245453
   0.00134896   1.2864829e+14   3.4927742e+13       3.6832697
   0.00138038   1.4328215e+14   3.6238624e+13       3.9538517
   0.00141254   1.5926811e+14   3.7598019e+13       4.2360770
   0.00144544   1.7669661e+14   3.9007819e+13       4.5297741
   0.00147911   1.9566251e+14   4.0469977e+13       4.8347572
   0.00151356   2.1625227e+14   4.1986480e+13       5.1505217
   0.00154882   2.3856395e+14   4.3559498e+13       5.4767379
   0.00158489   2.6269415e+14   4.5191216e+13       5.8129472
   0.00162181   2.8873035e+14   4.6883922e+13       6.1584087
   0.00165959   3.1678027e+14   4.8640062e+13       6.5127440
   0.00169824   3.4693048e+14   5.0462136e+13       6.8750653
   0.00173780   3.7927941e+14   5.2352756e+13       7.2446885
   0.00177828   4.1392046e+14   5.4314712e+13       7.6207798
   0.00181970   4.5094500e+14   5.6350855e+13       8.0024518
   0.00186209   4.9044189e+14   5.8464167e+13       8.3887605
   0.00190546   5.3249486e+14   6.0657827e+13       8.7786670
   0.00194984   5.7719011e+14   6.2935121e+13       9.1711924
   0.00199526   6.2460599e+14   6.5299465e+13       9.5652544
   0.00204174   6.7481356e+14   6.7754524e+13       9.9596827
   0.00208930   7.2788045e+14   7.0304028e+13       10.353325
   0.00213796   7.8386769e+14   7.2951962e+13       10.744984
   0.00218776   8.4283859e+14   7.5702487e+13       11.133565
   0.00223872   9.0483859e+14   7.8559958e+13       11.517809
   0.00229087   9.6991052e+14   8.1529001e+13       11.896509
   0.00234423   1.0380966e+15   8.4614259e+13       12.268577
   0.00239883   1.1093991e+15   8.7821030e+13       12.632499
   0.00245471   1.1838575e+15   9.1154304e+13       12.987401
   0.00251189   1.2614703e+15   9.4620013e+13       13.331961
   0.00257040   1.3422506e+15   9.8223773e+13       13.665232
   0.00263027   1.4261678e+15   1.0197178e+14       13.985906
   0.00269154   1.5132205e+15   1.0587058e+14       14.293116
   0.00275423   1.6033793e+15   1.0992702e+14       14.585852
   0.00281838   1.6965906e+15   1.1414826e+14       14.863044
   0.00288403   1.7928285e+15   1.1854195e+14       15.124001
   0.00295121   1.8920032e+15   1.2311612e+14       15.367632
   0.00301995   1.9940767e+15   1.2787914e+14       15.593448
   0.00309030   2.0989752e+15   1.3284003e+14       15.800774
   0.00316228   2.2065838e+15   1.3800824e+14       15.988783
   0.00323594   2.3168341e+15   1.4339364e+14       16.157161
   0.00331131   2.4296356e+15   1.4900689e+14       16.305526
   0.00338844   2.5448345e+15   1.5485917e+14       16.433217
   0.00346737   2.6623524e+15   1.6096219e+14       16.540235
   0.00354813   2.7820500e+15   1.6732859e+14       16.626268
   0.00363078   2.9037989e+15   1.7397165e+14       16.691219
   0.00371535   3.0274531e+15   1.8090533e+14       16.735013
   0.00380189   3.1528631e+15   1.8814483e+14       16.757639
   0.00389045   3.2799255e+15   1.9570590e+14       16.759462
   0.00398107   3.4084253e+15   2.0360539e+14       16.740349
   0.00407380   3.5382786e+15   2.1186159e+14       16.700897
   0.00416869   3.6692620e+15   2.2049294e+14       16.641176
   0.00426580   3.8012629e+15   2.2952053e+14       16.561756
   0.00436516   3.9340929e+15   2.3896544e+14       16.463020
   0.00446684   4.0676012e+15   2.4885165e+14       16.345486
   0.00457088   4.2016338e+15   2.5920297e+14       16.209821
   0.00467735   4.3360606e+15   2.7004616e+14       16.056738
   0.00478630   4.4706563e+15   2.8140951e+14       15.886657
   0.00489779   4.6052964e+15   2.9332280e+14       15.700438
   0.00501187   4.7398492e+15   3.0581876e+14       15.498883
   0.00512861   4.8741333e+15   3.1893163e+14       15.282690
   0.00524807   5.0080158e+15   3.3269850e+14       15.052715
   0.00537032   5.1413631e+15   3.4715898e+14       14.809823
   0.00549541   5.2740545e+15   3.6235570e+14       14.554910
   0.00562341   5.4059120e+15   3.7833425e+14       14.288719
   0.00575440   5.5368841e+15   3.9514385e+14       14.012325
   0.00588844   5.6668275e+15   4.1283722e+14       13.726542
   0.00602560   5.7955798e+15   4.3147091e+14       13.432145
   0.00616595   5.9231395e+15   4.5110615e+14       13.130257
   0.00630957   6.0492972e+15   4.7180874e+14       12.821503
   0.00645654   6.1740595e+15   4.9364873e+14       12.506990
   0.00660693   6.2973445e+15   5.1670245e+14       12.187565
   0.00676083   6.4190355e+15   5.4105228e+14       11.863984
   0.00691831   6.5391074e+15   5.6678520e+14       11.537188
   0.00707946   6.6574867e+15   5.9399713e+14       11.207944
   0.00724436   6.7741669e+15   6.2278963e+14       10.877135
   0.00741310   6.8890778e+15   6.5327038e+14       10.545523
   0.00758578   7.0022468e+15   6.8555952e+14       10.213915
   0.00776247   7.1135768e+15   7.1978051e+14       9.8829806
   0.00794328   7.2231434e+15   7.5606894e+14       9.5535512
   0.00812831   7.3309270e+15   7.9456664e+14       9.2263212
   0.00831764   7.4369321e+15   8.3542535e+14       8.9019709
   0.00851138   7.5411865e+15   8.7880507e+14       8.5811823
   0.00870964   7.6437100e+15   9.2487347e+14       8.2646007
   0.00891251   7.7445666e+15   9.7380439e+14       7.9528976
   0.00912011   7.8437935e+15   1.0257772e+15       7.6466836
   0.00933254   7.9414196e+15   1.0809730e+15       7.3465476
   0.00954993   8.0374989e+15   1.1395745e+15       7.0530702
   0.00977237   8.1321770e+15   1.2017498e+15       6.7669469
    0.0100000   8.2255255e+15   1.2320000e+15       6.6765631
    0.0102329   8.3175346e+15   1.2606970e+15       6.5975684
    0.0104713   8.4083577e+15   1.2900624e+15       6.5177917
    0.0107152   8.4981563e+15   1.3201117e+15       6.4374526
    0.0109648   8.5869420e+15   1.3508610e+15       6.3566435
    0.0112202   8.6749094e+15   1.3823266e+15       6.2755861
    0.0114815   8.7621339e+15   1.4145251e+15       6.1943999
    0.0117490   8.8487360e+15   1.4474740e+15       6.1132264
    0.0120226   8.9348946e+15   1.4811899e+15       6.0322412
    0.0123027   9.0207245e+15   1.5156912e+15       5.9515583
    0.0125893   9.1063805e+15   1.5509961e+15       5.8713108
    0.0128825   9.1920298e+15   1.5871235e+15       5.7916285
    0.0131826   9.2778409e+15   1.6240923e+15       5.7126315
    0.0134896   9.3639509e+15   1.6619223e+15       5.6344095
    0.0138038   9.4505846e+15   1.7006334e+15       5.5570969
    0.0141254   9.5378732e+15   1.7402462e+15       5.4807608
    0.0144544   9.6259875e+15   1.7807816e+15       5.4054845
    0.0147911   9.7152200e+15   1.8222614e+15       5.3314086
    0.0151356   9.8056352e+15   1.8647072e+15       5.2585388
    0.0154882   9.8976159e+15   1.9081423e+15       5.1870428
    0.0158489   9.9912838e+15   1.9525885e+15       5.1169428
    0.0162181   1.0086792e+16   1.9980701e+15       5.0482672
    0.0165959   1.0184484e+16   2.0446112e+15       4.9811348
    0.0169824   1.0284616e+16   2.0922364e+15       4.9156091
    0.0173780   1.0387335e+16   2.1409706e+15       4.8516942
    0.0177828   1.0492958e+16   2.1908403e+15       4.7894676
    0.0181970   1.0601763e+16   2.2418713e+15       4.7289792
    0.0186209   1.0714022e+16   2.2940913e+15       4.6702685
    0.0190546   1.0830048e+16   2.3475275e+15       4.6133850
    0.0194984   1.0950133e+16   2.4022084e+15       4.5583611
    0.0199526   1.1074608e+16   2.4581629e+15       4.5052374
    0.0204174   1.1203793e+16   2.5154209e+15       4.4540433
    0.0208930   1.1338049e+16   2.5740132e+15       4.4048136
    0.0213796   1.1477712e+16   2.6339696e+15       4.3575719
    0.0218776   1.1623190e+16   2.6953226e+15       4.3123556
    0.0223872   1.1774921e+16   2.6707696e+15       4.4088121
    0.0229087   1.1933266e+16   2.6416240e+15       4.5173979
    0.0234423   1.2098708e+16   2.6135568e+15       4.6292120
    0.0239883   1.2271726e+16   2.5867103e+15       4.7441440
    0.0245471   1.2452793e+16   2.5611831e+15       4.8621253
    0.0251189   1.2642415e+16   2.5370447e+15       4.9831267
    0.0257040   1.2841229e+16   2.5143281e+15       5.1072208
    0.0263027   1.3049741e+16   2.4930570e+15       5.2344334
    0.0269153   1.3268647e+16   2.4732283e+15       5.3649097
    0.0275423   1.3498551e+16   2.4548377e+15       5.4987551
    0.0281838   1.3740202e+16   2.4378623e+15       5.6361684
    0.0288403   1.3994339e+16   2.4222775e+15       5.7773475
    0.0295121   1.4261792e+16   2.4080526e+15       5.9225417
    0.0301995   1.4543394e+16   2.3951541e+15       6.0720076
    0.0309030   1.4840087e+16   2.3835474e+15       6.2260507
    0.0316228   1.5152806e+16   2.3731972e+15       6.3849758
    0.0323594   1.5482688e+16   2.3640647e+15       6.5491812
    0.0331131   1.5830774e+16   2.3561168e+15       6.7190109
    0.0338844   1.6198344e+16   2.3493170e+15       6.8949164
    0.0346737   1.6586725e+16   2.3436301e+15       7.0773646
    0.0354813   1.6997260e+16   2.3390260e+15       7.2668111
    0.0363078   1.7431426e+16   2.3354734e+15       7.4637658
    0.0371535   1.7891026e+16   2.3329399e+15       7.6688758
    0.0380189   1.8377622e+16   2.3314009e+15       7.8826519
    0.0389045   1.8893294e+16   2.3308281e+15       8.1058289
    0.0398107   1.9440027e+16   2.3311971e+15       8.3390747
    0.0407380   2.0020001e+16   2.3324859e+15       8.5831179
    0.0416869   2.0635698e+16   2.3346727e+15       8.8387972
    0.0426580   2.1289742e+16   2.3377375e+15       9.1069859
    0.0436516   2.1984988e+16   2.3416619e+15       9.3886258
    0.0446684   2.2724546e+16   2.3464297e+15       9.6847333
    0.0457088   2.3511756e+16   2.3520249e+15       9.9963891
    0.0467735   2.4350278e+16   2.3584347e+15       10.324762
    0.0478630   2.5244236e+16   2.3656453e+15       10.671184
    0.0489779   2.6197868e+16   2.3736460e+15       11.036974
    0.0501187   2.7216007e+16   2.3824269e+15       11.423648
    0.0512861   2.8303901e+16   2.3919787e+15       11.832840
    0.0524807   2.9467311e+16   2.4022932e+15       12.266326
    0.0537032   3.0712432e+16   2.4133648e+15       12.725980
    0.0549541   3.2046094e+16   2.4251879e+15       13.213860
    0.0562341   3.3476009e+16   2.4377567e+15       13.732301
    0.0575440   3.5010480e+16   2.4510686e+15       14.283762
    0.0588844   3.6658526e+16   2.4651210e+15       14.870883
    0.0602560   3.8430388e+16   2.4799114e+15       15.496678
    0.0616595   4.0337046e+16   2.4954398e+15       16.164303
    0.0630957   4.2390889e+16   2.5117058e+15       16.877330
    0.0645654   4.4605503e+16   2.5287101e+15       17.639627
    0.0660693   4.6995889e+16   2.5464552e+15       18.455415
    0.0676083   4.9578656e+16   2.5649431e+15       19.329339
    0.0691831   5.2372460e+16   2.5841765e+15       20.266596
    0.0707946   5.5397641e+16   2.6041602e+15       21.272747
    0.0724436   5.8677048e+16   2.6248990e+15       22.354022
    0.0741310   6.2236265e+16   2.6463979e+15       23.517350
    0.0758578   6.6103465e+16   2.6686638e+15       24.770249
    0.0776247   7.0310383e+16   2.6917034e+15       26.121148
    0.0794328   7.4892381e+16   2.7155243e+15       27.579344
    0.0812830   7.9889020e+16   2.7401354e+15       29.155136
    0.0831764   8.5344520e+16   2.7655456e+15       30.859922
    0.0851138   9.1308676e+16   2.7917646e+15       32.706439
    0.0870964   9.7837595e+16   2.8188038e+15       34.708905
    0.0891251   1.0499376e+17   2.8466732e+15       36.882970
    0.0912011   1.1284804e+17   2.8753858e+15       39.246224
    0.0933254   1.2148038e+17   2.9049543e+15       41.818346
    0.0954993   1.3098102e+17   2.9353917e+15       44.621307
    0.0977237   1.4145190e+17   2.9667120e+15       47.679687
     0.100000   1.5300878e+17   2.9989311e+15       51.021105
     0.102329   1.6578229e+17   3.0320636e+15       54.676392
     0.104713   1.7992180e+17   3.0661267e+15       58.680484
     0.107152   1.9559665e+17   3.1011373e+15       63.072553
     0.109648   2.1299953e+17   3.1371133e+15       67.896664
     0.112202   2.3235138e+17   3.1740731e+15       73.202907
     0.114815   2.5390334e+17   3.2120371e+15       79.047448
     0.117490   2.7794429e+17   3.2510250e+15       85.494357
     0.120226   3.0480336e+17   3.2910584e+15       92.615606
     0.123027   3.3486107e+17   3.3321594e+15       100.49371
     0.125893   3.6855317e+17   3.3743504e+15       109.22196
     0.128825   4.0638098e+17   3.4176555e+15       118.90636
     0.131826   4.4892605e+17   3.4621001e+15       129.66871
     0.134896   4.9685863e+17   3.5077100e+15       141.64758
     0.138038   5.5095212e+17   3.5545104e+15       155.00085
     0.141254   6.1210641e+17   3.6025296e+15       169.91017
     0.144544   6.8136700e+17   3.6517967e+15       186.58404
     0.147911   7.5994889e+17   3.7023410e+15       205.26173
     0.151356   8.4926805e+17   3.7541936e+15       226.21851
     0.154882   9.5097999e+17   3.8073862e+15       249.77240
     0.158489   1.0670194e+18   3.8619516e+15       276.29020
     0.162181   1.1996524e+18   3.9179248e+15       306.19589
     0.165959   1.3515419e+18   3.9753406e+15       339.98140
     0.169824   1.5258188e+18   4.0342358e+15       378.21756
     0.173780   1.7261719e+18   4.0946484e+15       421.56780
     0.177828   1.9569560e+18   4.1566177e+15       470.80489
     0.181970   2.2233228e+18   4.2201842e+15       526.83075
     0.186209   2.5313770e+18   4.2853906e+15       590.69923
     0.190546   2.8883604e+18   4.3522799e+15       663.64307
     0.194984   3.3029040e+18   4.4208968e+15       747.11177
     0.199526   3.7852786e+18   4.4912890e+15       842.80451
     0.204174   4.3477614e+18   4.5635040e+15       952.72436
     0.208930   5.0050490e+18   4.6375916e+15       1079.2345
     0.213796   5.7747461e+18   4.7136038e+15       1225.1233
     0.218776   6.6780357e+18   4.7915941e+15       1393.6981
     0.223872   7.7404107e+18   4.8716174e+15       1588.8790
     0.229087   8.9926258e+18   4.9537315e+15       1815.3236
     0.234423   1.0471893e+19   5.0379950e+15       2078.5834
     0.239883   1.2223329e+19   5.1244715e+15       2385.2858
     0.245471   1.4301607e+19   5.2132207e+15       2743.3343
     0.251189   1.6773398e+19   5.3043094e+15       3162.2210
     0.257040   1.9719951e+19   5.3978064e+15       3653.3269
     0.263027   2.3240658e+19   5.4937808e+15       4230.3578
     0.269154   2.7457225e+19   5.5923071e+15       4909.8208
     0.275423   3.2519093e+19   5.6934588e+15       5711.6586
     0.281838   3.8610254e+19   5.7973150e+15       6660.0234
     0.288403   4.5957593e+19   5.9039560e+15       7784.2032
     0.295121   5.4841657e+19   6.0134654e+15       9119.8092
     0.301995   6.5610066e+19   6.1259296e+15       10710.222
     0.309030   7.8694710e+19   6.2414384e+15       12608.425
     0.316228   9.4633407e+19   6.3600845e+15       14879.269
     0.323594   1.1409717e+20   6.4819639e+15       17602.253
     0.331131   1.3792557e+20   6.6071764e+15       20875.116
     0.338844   1.6717189e+20   6.7358248e+15       24818.325
     0.346737   2.0315991e+20   6.8680165e+15       29580.580
     0.354813   2.4755799e+20   7.0038615e+15       35345.929
     0.363078   3.0247454e+20   7.1434749e+15       42342.773
     0.371535   3.7057966e+20   7.2869759e+15       50855.069
     0.380189   4.5526390e+20   7.4344867e+15       61236.762
     0.389045   5.6084407e+20   7.5861358e+15       73930.138
     0.398107   6.9282943e+20   7.7420556e+15       89489.080
     0.407380   8.5827064e+20   7.9023834e+15       108609.09
     0.416869   1.0662123e+21   8.0672609e+15       132165.34
     0.426580   1.3282967e+21   8.2368401e+15       161262.89
     0.436516   1.6595191e+21   8.4112664e+15       197297.18
     0.446684   2.0792939e+21   8.5907027e+15       242040.03
     0.457088   2.6127819e+21   8.7753130e+15       297742.30
     0.467735   3.2927034e+21   8.9652686e+15       367273.26
     0.478630   4.1617148e+21   9.1607465e+15       454298.65
     0.489779   5.2755812e+21   9.3619316e+15       563514.18
     0.501187   6.7074078e+21   9.5690140e+15       700950.77
     0.512861   8.5533007e+21   9.7821932e+15       874374.54
     0.524808   1.0939947e+22   1.0001674e+16       1093811.5
     0.537032   1.4034818e+22   1.0227670e+16       1372240.0
     0.549541   1.8059959e+22   1.0460404e+16       1726506.8
     0.562341   2.3310581e+22   1.0700107e+16       2178537.3
     0.575440   3.0180329e+22   1.0947016e+16       2756945.7
     0.588844   3.9195554e+22   1.1201383e+16       3499171.1
     0.602560   5.1062268e+22   1.1463464e+16       4454349.0
     0.616595   6.6729994e+22   1.1733528e+16       5687121.0
     0.630957   8.7479781e+22   1.2011854e+16       7282787.6
     0.645654   1.1504523e+23   1.2298734e+16       9354233.4
     0.660693   1.5177874e+23   1.2594468e+16       12051223.
     0.676083   2.0088267e+23   1.2899369e+16       15573062.
     0.691831   2.6672957e+23   1.3213764e+16       20185738.
     0.707946   3.5530802e+23   1.3537992e+16       26245252.
     0.724436   4.7484436e+23   1.3872406e+16       34229416.
     0.741310   6.3667483e+23   1.4217371e+16       44781472.
     0.758578   8.5647560e+23   1.4573279e+16       58770273.
     0.776247   1.1559665e+24   1.4940511e+16       77371279.
     0.794328   1.5653738e+24   1.5319486e+16   1.0218188e+08
     0.812831   2.1268757e+24   1.5710637e+16   1.3537807e+08
     0.831764   2.8995065e+24   1.6114410e+16   1.7993253e+08
     0.851138   3.9661735e+24   1.6531272e+16   2.3991944e+08
     0.870964   5.4436767e+24   1.6961708e+16   3.2093918e+08
     0.891251   7.4971031e+24   1.7406224e+16   4.3071392e+08
     0.912011   1.0360542e+25   1.7865348e+16   5.7992390e+08
     0.933254   1.4367015e+25   1.8339627e+16   7.8338644e+08
     0.954993   1.9991853e+25   1.8829634e+16   1.0617229e+09
     0.977237   2.7915703e+25   1.9335962e+16   1.4437194e+09
