   0.00100000   1.3412490e+16   5.0555487e+13       265.30235
   0.00102329   1.3246762e+16   5.2824565e+13       250.76898
   0.00104713   1.3085369e+16   5.5189343e+13       237.09956
   0.00107152   1.2928205e+16   5.7653704e+13       224.23894
   0.00109648   1.2775185e+16   6.0221692e+13       212.13594
   0.00112202   1.2626276e+16   6.2897599e+13       200.74337
   0.00114815   1.2481348e+16   6.5685796e+13       190.01594
   0.00117490   1.2340370e+16   6.8590905e+13       179.91263
   0.00120226   1.2203245e+16   7.1617659e+13       170.39435
   0.00123027   1.2069917e+16   7.4771123e+13       161.42485
   0.00125893   1.1940313e+16   7.8056487e+13       152.97016
   0.00128825   1.1814347e+16   8.1479116e+13       144.99847
   0.00131826   1.1691977e+16   8.5044593e+13       137.48054
   0.00134896   1.1573136e+16   8.8759090e+13       130.38818
   0.00138038   1.1457769e+16   9.2628475e+13       123.69597
   0.00141254   1.1345799e+16   9.6659154e+13       117.37945
   0.00144544   1.1237169e+16   1.0085790e+14       111.41585
   0.00147911   1.1131848e+16   1.0523172e+14       105.78416
   0.00151356   1.1029756e+16   1.0978767e+14       100.46443
   0.00154882   1.0930843e+16   1.1453355e+14       95.437919
   0.00158489   1.0835078e+16   1.1947712e+14       90.687474
   0.00162181   1.0742376e+16   1.2462654e+14       86.196532
   0.00165959   1.0652731e+16   1.2999053e+14       81.950054
   0.00169824   1.0566063e+16   1.3557797e+14       77.933480
   0.00173780   1.0482349e+16   1.4139811e+14       74.133585
   0.00177828   1.0401531e+16   1.4746082e+14       70.537590
   0.00181970   1.0323575e+16   1.5377614e+14       67.133788
   0.00186209   1.0248447e+16   1.6035450e+14       63.911186
   0.00190546   1.0176094e+16   1.6720705e+14       60.859243
   0.00194984   1.0106490e+16   1.7434520e+14       57.968270
   0.00199526   1.0039603e+16   1.8178073e+14       55.229192
   0.00204174   9.9753867e+15   1.8952625e+14       52.633272
   0.00208930   9.9138149e+15   1.9759445e+14       50.172536
   0.00213796   9.8548525e+15   2.0599883e+14       47.839361
   0.00218776   9.7984799e+15   2.1475329e+14       45.626681
   0.00223872   9.7446640e+15   2.2387226e+14       43.527787
   0.00229087   9.6933784e+15   2.3337089e+14       41.536365
   0.00234423   9.6446058e+15   2.4326422e+14       39.646628
   0.00239883   9.5982990e+15   2.5356910e+14       37.852794
   0.00245471   9.5544611e+15   2.6430119e+14       36.149898
   0.00251189   9.5130525e+15   2.7547882e+14       34.532790
   0.00257040   9.4740703e+15   2.8711888e+14       32.997030
   0.00263027   9.4374833e+15   2.9923971e+14       31.538205
   0.00269154   9.4032851e+15   3.1186015e+14       30.152250
   0.00275423   9.3714565e+15   3.2499945e+14       28.835300
   0.00281838   9.3419781e+15   3.3867716e+14       27.583726
   0.00288403   9.3148475e+15   3.5291339e+14       26.394146
   0.00295121   9.2900368e+15   3.6358900e+14       25.550929
   0.00301995   9.2675551e+15   3.7205806e+14       24.908895
   0.00309030   9.2473920e+15   3.8072440e+14       24.288940
   0.00316228   9.2295249e+15   3.8959260e+14       23.690195
   0.00323594   9.2139662e+15   3.9866736e+14       23.111915
   0.00331131   9.2007106e+15   4.0795353e+14       22.553330
   0.00338844   9.1897392e+15   4.1745598e+14       22.013672
   0.00346737   9.1810692e+15   4.2717976e+14       21.492285
   0.00354813   9.1746931e+15   4.3713004e+14       20.988476
   0.00363078   9.1706143e+15   4.4731211e+14       20.501601
   0.00371535   9.1688366e+15   4.5773133e+14       20.031045
   0.00380189   9.1693579e+15   4.6839324e+14       19.576196
   0.00389045   9.1721979e+15   4.7930351e+14       19.136513
   0.00398107   9.1773525e+15   4.9046795e+14       18.711421
   0.00407380   9.1848416e+15   5.0189268e+14       18.300410
   0.00416869   9.1946678e+15   5.1358292e+14       17.902986
   0.00426580   9.2068526e+15   5.2554612e+14       17.518639
   0.00436516   9.2214020e+15   5.3778733e+14       17.146931
   0.00446684   9.2383341e+15   5.5031429e+14       16.787378
   0.00457088   9.2576716e+15   5.6313276e+14       16.439590
   0.00467735   9.2794371e+15   5.7624977e+14       16.103151
   0.00478630   9.3036406e+15   5.8967239e+14       15.777643
   0.00489779   9.3303128e+15   6.0340756e+14       15.462705
   0.00501187   9.3594776e+15   6.1746274e+14       15.157964
   0.00512861   9.3911619e+15   6.3184526e+14       14.863072
   0.00524807   9.4253917e+15   6.4656283e+14       14.577689
   0.00537032   9.4622056e+15   6.6162323e+14       14.301502
   0.00549541   9.5016338e+15   6.7703439e+14       14.034197
   0.00562341   9.5437059e+15   6.9280451e+14       13.775467
   0.00575440   9.5884695e+15   7.0894197e+14       13.525041
   0.00588844   9.6359594e+15   7.2545537e+14       13.282636
   0.00602560   9.6862120e+15   7.4235338e+14       13.047980
   0.00616595   9.7392828e+15   7.5964499e+14       12.820835
   0.00630957   9.7952055e+15   7.7733935e+14       12.600939
   0.00645654   9.8540388e+15   7.9544590e+14       12.388069
   0.00660693   9.9158371e+15   8.1397423e+14       12.182004
   0.00676083   9.9806441e+15   8.3293409e+14       11.982514
   0.00691831   1.0048525e+16   8.5233559e+14       11.789400
   0.00707946   1.0119536e+16   8.7218904e+14       11.602457
   0.00724436   1.0193746e+16   8.9250540e+14       11.421495
   0.00741310   1.0271210e+16   9.1329398e+14       11.246335
   0.00758578   1.0352013e+16   9.3456784e+14       11.076791
   0.00776247   1.0436208e+16   9.5633617e+14       10.912698
   0.00794328   1.0523886e+16   9.7861256e+14       10.753884
   0.00812831   1.0615122e+16   1.0014074e+15       10.600203
   0.00831764   1.0709998e+16   1.0247331e+15       10.451500
   0.00851138   1.0808601e+16   1.0486023e+15       10.307627
   0.00870964   1.0911016e+16   1.0730273e+15       10.168442
   0.00891251   1.1017347e+16   1.0980213e+15       10.033820
   0.00912011   1.1127689e+16   1.1235975e+15       9.9036257
   0.00933254   1.1242138e+16   1.1497693e+15       9.7777336
   0.00954993   1.1360805e+16   1.1765509e+15       9.6560251
   0.00977237   1.1483806e+16   1.2039563e+15       9.5383914
    0.0100000   1.1611262e+16   1.2320000e+15       9.4247256
    0.0102329   1.1743280e+16   1.2606970e+15       9.3149105
    0.0104713   1.1879995e+16   1.2900624e+15       9.2088532
    0.0107152   1.2021543e+16   1.3201117e+15       9.1064593
    0.0109648   1.2168057e+16   1.3508610e+15       9.0076303
    0.0112202   1.2319685e+16   1.3823266e+15       8.9122825
    0.0114815   1.2476573e+16   1.4145251e+15       8.8203268
    0.0117490   1.2638880e+16   1.4474740e+15       8.7316802
    0.0120226   1.2806769e+16   1.4811899e+15       8.6462708
    0.0123027   1.2980410e+16   1.5156912e+15       8.5640200
    0.0125893   1.3159975e+16   1.5509961e+15       8.4848535
    0.0128825   1.3345660e+16   1.5871235e+15       8.4087091
    0.0131826   1.3537653e+16   1.6240923e+15       8.3355194
    0.0134896   1.3736148e+16   1.6619223e+15       8.2652168
    0.0138038   1.3941368e+16   1.7006334e+15       8.1977502
    0.0141254   1.4153523e+16   1.7402462e+15       8.1330578
    0.0144544   1.4372829e+16   1.7807816e+15       8.0710788
    0.0147911   1.4599552e+16   1.8222614e+15       8.0117770
    0.0151356   1.4833914e+16   1.8647072e+15       7.9550903
    0.0154882   1.5076196e+16   1.9081423e+15       7.9009810
    0.0158489   1.5326651e+16   1.9525885e+15       7.8494014
    0.0162181   1.5585561e+16   1.9980701e+15       7.8003073
    0.0165959   1.5853225e+16   2.0357066e+15       7.7875787
    0.0169824   1.6129960e+16   2.0447767e+15       7.8883722
    0.0173780   1.6416057e+16   2.0539618e+15       7.9923866
    0.0177828   1.6711874e+16   2.0632825e+15       8.0996539
    0.0181970   1.7017746e+16   2.0727607e+15       8.2101836
    0.0186209   1.7334050e+16   2.0824148e+15       8.3240138
    0.0190546   1.7661159e+16   2.0922637e+15       8.4411727
    0.0194984   1.7999466e+16   2.1023247e+15       8.5616969
    0.0199526   1.8349390e+16   2.1126134e+15       8.6856356
    0.0204174   1.8711366e+16   2.1231445e+15       8.8130439
    0.0208930   1.9085842e+16   2.1339331e+15       8.9439739
    0.0213796   1.9473286e+16   2.1449916e+15       9.0784904
    0.0218776   1.9874192e+16   2.1563333e+15       9.2166605
    0.0223872   2.0289087e+16   2.1679695e+15       9.3585665
    0.0229087   2.0718497e+16   2.1799123e+15       9.5042801
    0.0234423   2.1162998e+16   2.1921723e+15       9.6538934
    0.0239883   2.1623170e+16   2.2047605e+15       9.8074919
    0.0245471   2.2099639e+16   2.2176863e+15       9.9651784
    0.0251189   2.2593035e+16   2.2309604e+15       10.127044
    0.0257040   2.3104052e+16   2.2445922e+15       10.293207
    0.0263027   2.3633381e+16   2.2585910e+15       10.463772
    0.0269153   2.4181783e+16   2.2729659e+15       10.638868
    0.0275423   2.4750012e+16   2.2877268e+15       10.818605
    0.0281838   2.5338886e+16   2.3028817e+15       11.003121
    0.0288403   2.5949251e+16   2.3184403e+15       11.192547
    0.0295121   2.6582002e+16   2.3344115e+15       11.387025
    0.0301995   2.7238074e+16   2.3508038e+15       11.586707
    0.0309030   2.7918437e+16   2.3676271e+15       11.791737
    0.0316228   2.8624108e+16   2.3848899e+15       12.002277
    0.0323594   2.9356187e+16   2.4026016e+15       12.218500
    0.0331131   3.0115768e+16   2.4207714e+15       12.440567
    0.0338844   3.0904049e+16   2.4394091e+15       12.668662
    0.0346737   3.1722282e+16   2.4585238e+15       12.902979
    0.0354813   3.2571738e+16   2.4781258e+15       13.143698
    0.0363078   3.3453782e+16   2.4982248e+15       13.391021
    0.0371535   3.4369894e+16   2.5188315e+15       13.645174
    0.0380189   3.5321506e+16   2.5399557e+15       13.906347
    0.0389045   3.6310246e+16   2.5616091e+15       14.174780
    0.0398107   3.7337765e+16   2.5838017e+15       14.450708
    0.0407380   3.8405779e+16   2.6065452e+15       14.734361
    0.0416869   3.9516137e+16   2.6298515e+15       15.025995
    0.0426580   4.0670772e+16   2.6537325e+15       15.325875
    0.0436516   4.1871690e+16   2.6782003e+15       15.634264
    0.0446684   4.3121028e+16   2.7032683e+15       15.951442
    0.0457088   4.4421027e+16   2.7289483e+15       16.277709
    0.0467735   4.5774013e+16   2.7552549e+15       16.613350
    0.0478630   4.7182499e+16   2.7822020e+15       16.958689
    0.0489779   4.8649090e+16   2.8098033e+15       17.314055
    0.0501187   5.0176484e+16   2.8380739e+15       17.679766
    0.0512861   5.1767602e+16   2.8670291e+15       18.056183
    0.0524807   5.3425509e+16   2.8966844e+15       18.443676
    0.0537032   5.5153362e+16   2.9270565e+15       18.842602
    0.0549541   5.6954543e+16   2.9581618e+15       19.253356
    0.0562341   5.8832657e+16   2.9900175e+15       19.676359
    0.0575440   6.0791422e+16   3.0226424e+15       20.112013
    0.0588844   6.2834782e+16   3.0560541e+15       20.560756
    0.0602560   6.4966960e+16   3.0902719e+15       21.023056
    0.0616595   6.7192295e+16   3.1253157e+15       21.499362
    0.0630957   6.9515465e+16   3.1612059e+15       21.990173
    0.0645654   7.1941395e+16   3.1979633e+15       22.496004
    0.0660693   7.4475237e+16   3.2356107e+15       23.017366
    0.0676083   7.7122421e+16   3.2741694e+15       23.554805
    0.0691831   7.9888792e+16   3.3136629e+15       24.108907
    0.0707946   8.2780372e+16   3.3541155e+15       24.680239
    0.0724436   8.5803629e+16   3.3955518e+15       25.269421
    0.0741310   8.8965427e+16   3.4379977e+15       25.877105
    0.0758578   9.2272887e+16   3.4814798e+15       26.503927
    0.0776247   9.5733663e+16   3.5260255e+15       27.150587
    0.0794328   9.9355841e+16   3.5716632e+15       27.817808
    0.0812830   1.0314788e+17   3.6184225e+15       28.506313
    0.0831764   1.0711882e+17   3.6663334e+15       29.216879
    0.0851138   1.1127825e+17   3.7154272e+15       29.950324
    0.0870964   1.1563626e+17   3.7657381e+15       30.707463
    0.0891251   1.2020353e+17   3.8172971e+15       31.489174
    0.0912011   1.2499135e+17   3.8701404e+15       32.296336
    0.0933254   1.3001180e+17   3.9243043e+15       33.129899
    0.0954993   1.3527768e+17   3.9798252e+15       33.990859
    0.0977237   1.4080233e+17   4.0367422e+15       34.880189
     0.100000   1.4660019e+17   4.0950957e+15       35.798965
     0.102329   1.5268643e+17   4.1549254e+15       36.748295
     0.104713   1.5907710e+17   4.2162758e+15       37.729291
     0.107152   1.6578934e+17   4.2791906e+15       38.743154
     0.109648   1.7284127e+17   4.3437151e+15       39.791116
     0.112202   1.8025228e+17   4.4098972e+15       40.874485
     0.114815   1.8804265e+17   4.4777864e+15       41.994555
     0.117490   1.9623430e+17   4.5474334e+15       43.152760
     0.120226   2.0485012e+17   4.6188906e+15       44.350503
     0.123027   2.1391482e+17   4.6922138e+15       45.589315
     0.125893   2.2345451e+17   4.7674584e+15       46.870785
     0.128825   2.3349676e+17   4.8446829e+15       48.196500
     0.131826   2.4407126e+17   4.9239500e+15       49.568183
     0.134896   2.5520968e+17   5.0053229e+15       50.987656
     0.138038   2.6694483e+17   5.0888643e+15       52.456662
     0.141254   2.7931262e+17   5.1746431e+15       53.977175
     0.144544   2.9235087e+17   5.2627305e+15       55.551175
     0.147911   3.0610001e+17   5.3531986e+15       57.180768
     0.151356   3.2060289e+17   5.4461236e+15       58.868089
     0.154882   3.3590554e+17   5.5415837e+15       60.615441
     0.158489   3.5205649e+17   5.6396604e+15       62.425122
     0.162181   3.6910789e+17   5.7404386e+15       64.299597
     0.165959   3.8711532e+17   5.8440056e+15       66.241436
     0.169824   4.0613793e+17   5.9504525e+15       68.253285
     0.173780   4.2623879e+17   6.0598741e+15       70.337896
     0.177828   4.4748545e+17   6.1723682e+15       72.498178
     0.181970   4.6994981e+17   6.2880369e+15       74.737127
     0.186209   4.9370870e+17   6.4069870e+15       77.057860
     0.190546   5.1884414e+17   6.5293271e+15       79.463647
     0.194984   5.4544365e+17   6.6551717e+15       81.957863
     0.199526   5.7360107e+17   6.7846407e+15       84.544060
     0.204174   6.0341659e+17   6.9178566e+15       87.225947
     0.208930   6.3499724e+17   7.0549480e+15       90.007360
     0.213796   6.6845717e+17   7.1960479e+15       92.892262
     0.218776   7.0391921e+17   7.3412957e+15       95.884873
     0.223872   7.4151423e+17   7.4908353e+15       98.989524
     0.229087   7.8138216e+17   7.6448172e+15       102.21071
     0.234423   8.2367348e+17   7.8033967e+15       105.55320
     0.239883   8.6854963e+17   7.9667409e+15       109.02195
     0.245471   9.1618079e+17   8.1350113e+15       112.62194
     0.251189   9.6675225e+17   8.3083868e+15       116.35860
     0.257040   1.0204612e+18   8.4870517e+15       120.23742
     0.263027   1.0775198e+18   8.6711952e+15       124.26428
     0.269154   1.1381548e+18   8.8610185e+15       128.44514
     0.275423   1.2026091e+18   9.0567257e+15       132.78630
     0.281838   1.2711443e+18   9.2585344e+15       137.29433
     0.288403   1.3440400e+18   9.4666683e+15       141.97603
     0.295121   1.4215961e+18   9.6813620e+15       146.83844
     0.301995   1.5041357e+18   9.9028585e+15       151.88905
     0.309030   1.5920046e+18   1.0131413e+16       157.13549
     0.316228   1.6855736e+18   1.0367291e+16       162.58573
     0.323594   1.7852426e+18   1.0610769e+16       168.24819
     0.331131   1.8914393e+18   1.0862135e+16       174.13145
     0.338844   2.0046252e+18   1.1121690e+16       180.24465
     0.346737   2.1252943e+18   1.1389749e+16       186.59711
     0.354813   2.2539780e+18   1.1666640e+16       193.19856
     0.363078   2.3912490e+18   1.1952704e+16       200.05925
     0.371535   2.5377214e+18   1.2248300e+16       207.18969
     0.380189   2.6940559e+18   1.2553799e+16       214.60085
     0.389045   2.8609637e+18   1.2869592e+16       222.30415
     0.398107   3.0392096e+18   1.3196087e+16       230.31143
     0.407380   3.2296171e+18   1.3533708e+16       238.63505
     0.416869   3.4330709e+18   1.3882900e+16       247.28773
     0.426580   3.6505298e+18   1.4244137e+16       256.28298
     0.436516   3.8830103e+18   1.4617887e+16       265.63416
     0.446684   4.1316214e+18   1.5004669e+16       275.35572
     0.457088   4.3975518e+18   1.5405011e+16       285.46242
     0.467735   4.6820829e+18   1.5819471e+16       295.96962
     0.478630   4.9865937e+18   1.6248630e+16       306.89318
     0.489779   5.3125701e+18   1.6693098e+16       318.24951
     0.501187   5.6616121e+18   1.7153510e+16       330.05560
     0.512861   6.0354443e+18   1.7630537e+16       342.32901
     0.524808   6.4359227e+18   1.8124875e+16       355.08783
     0.537032   6.8650466e+18   1.8637256e+16       368.35072
     0.549541   7.3249705e+18   1.9168446e+16       382.13689
     0.562341   7.8180198e+18   1.9719252e+16       396.46635
     0.575440   8.3466928e+18   2.0290512e+16       411.35939
     0.588844   8.9136821e+18   2.0883112e+16       426.83687
     0.602560   9.5218907e+18   2.1497975e+16       442.92036
     0.616595   1.0174446e+19   2.2136073e+16       459.63192
     0.630957   1.0874707e+19   2.2798421e+16       476.99387
     0.645654   1.1626306e+19   2.3486093e+16       495.02935
     0.660693   1.2433138e+19   2.4200207e+16       513.76164
     0.676083   1.3299403e+19   2.4941939e+16       533.21445
     0.691831   1.4229617e+19   2.5712526e+16       553.41188
     0.707946   1.5228644e+19   2.6513266e+16       574.37825
     0.724436   1.6301702e+19   2.7345520e+16       596.13795
     0.741310   1.7454408e+19   2.8210719e+16       618.71547
     0.758578   1.8692824e+19   2.9110389e+16       642.13583
     0.776247   2.0023373e+19   3.0046073e+16       666.42228
     0.794328   2.1453021e+19   3.1019447e+16       691.59910
     0.812831   2.2989233e+19   3.2032266e+16       717.68988
     0.831764   2.4639982e+19   3.3086364e+16       744.71715
     0.851138   2.6413817e+19   3.4183675e+16       772.70267
     0.870964   2.8319875e+19   3.5326235e+16       801.66694
     0.891251   3.0367920e+19   3.6516188e+16       831.62899
     0.912011   3.2568367e+19   3.7755786e+16       862.60599
     0.933254   3.4932308e+19   3.9047404e+16       894.61280
     0.954993   3.7471548e+19   4.0393546e+16       927.66178
     0.977237   4.0198606e+19   4.1796838e+16       961.76189
